642
1758
1890
302
1350
1910
1124
1658
1258
1774
1854
1806
696
1808
1060
710
1842
962
614
1280
864
300
1566
2058
302
1398
2126
1230
1770
412
1034
662
1124
1594
1104
880
1182
2100
864
978
662
514
2632
2612
1632
1672
2756
1098
486
2428
940
696
462
2044
796
832
300
438
1034
974
1244
1628
818
1218
1928
1044
1128
1324
920
1484
864
1550
1216
1648
398
1142
862
1588
1124
996
1220
1586
1122
2106
1078
892
1686
2266
1216
288
1426
900
1244
706
1480
1652
2358
1440
1350
748
1944
2088
620
1548
2108
1442
1976
1576
2128
2052
1992
1026
2150
1378
1028
2040
1280
932
1598
1182
618
1932
2256
620
1716
2324
1548
2124
730
1352
848
1442
1768
1422
1198
1500
1884
1182
1296
980
832
2440
2420
1950
1990
2482
1296
804
2218
1258
1014
780
2230
1114
1150
618
756
1352
1292
1562
1826
1016
1560
2294
1362
1446
1510
1238
1802
1182
1736
1534
1966
716
1460
1180
1930
1442
1314
1574
1772
1440
2304
1396
1210
1860
2086
1534
606
1612
1218
1562
1024
1798
2018
2454
1758
1668
2080
2256
3474
1952
3120
3544
3134
3350
3250
3460
3480
3538
2358
3482
3070
2204
3438
2768
2156
3182
2910
1842
3216
3580
1844
3030
3680
3114
3456
2086
2528
2462
3134
3535
2748
2530
2958
3801
2388
2592
2492
2056
3907
4103
3408
3292
4051
2880
2154
3899
2620
2526
2292
3829
2410
2662
1842
2088
2864
2966
3200
3242
2384
2892
3596
2820
3084
2836
2696
3230
2520
3142
2830
3124
2066
2912
2404
3262
2702
3006
2906
3386
3006
3708
2692
2506
3306
3758
3046
1830
2920
2910
3068
2356
3070
3428
4137
2952
3234
2386
2562
3876
2258
3432
3848
3422
3692
3520
3796
3738
3774
2586
3908
3358
2558
3642
3068
2474
3470
2946
2160
3564
3996
2162
3372
3992
3150
3744
2398
2882
2774
3422
3556
3054
2782
3228
4020
2730
2898
2762
2374
4172
3824
3696
3634
3934
3192
2460
4058
2914
2796
2562
3934
2716
2932
2160
2394
3134
3236
3488
3578
2756
3384
3806
3108
3372
3184
3002
3518
2832
3246
3136
3496
2372
3254
2746
3646
3074
3294
3128
3698
3042
4044
2998
2812
3558
4022
3316
2148
3384
3198
3542
2662
3526
3764
4148
3306
3270
238
450
1380
1488
948
1490
932
1466
1066
1564
1452
1356
498
1604
868
518
1422
770
422
1088
672
108
1350
1656
110
1206
1706
1038
1560
220
842
212
932
1192
912
688
990
1650
672
786
470
322
1918
1868
1440
1480
2024
678
294
1900
748
504
270
1666
604
640
108
246
842
782
1052
1226
416
1014
1712
852
936
874
728
1292
672
1100
1024
1456
206
950
670
1384
932
804
1010
1136
930
1704
886
700
1284
1648
1024
96
976
708
1052
514
1288
1436
1926
1248
1158
1576
1752
3036
2952
1448
3056
2612
2858
2710
3100
2946
3174
1794
3116
2548
1946
3042
2258
1664
2660
2136
1350
2742
3120
1352
2502
3028
2340
2964
1588
2270
2048
2612
2716
2244
2002
2418
2970
2118
2088
1952
1564
3214
3108
2886
2854
3250
2484
1650
3226
2014
1986
1752
3138
1906
2122
1350
1584
2324
2426
2678
2678
2156
2664
3152
2298
2562
2374
2192
2708
2022
2442
2326
2884
1562
2354
2134
2854
2312
2484
2306
2972
2232
3168
2188
2002
2832
3296
2506
1338
2640
2388
2732
1852
2716
2984
3188
2406
2460
2680
3096
3852
4102
2552
3924
3812
3932
3802
4226
4170
3738
3180
4308
3796
2984
4200
3644
2630
3824
3474
2346
4006
4162
2336
3708
4146
3738
4094
2992
3416
3152
3788
4090
3648
3370
3360
4006
3396
3432
3218
2530
4102
4096
4018
4034
4160
3362
3036
4148
3400
3252
3018
4276
3286
3442
2328
2688
3590
3752
3898
4004
3452
3672
3856
3510
3738
3706
3500
3768
3156
3640
3706
4060
2948
3704
3388
3944
3620
3744
3472
4010
3630
3884
3478
3382
4114
4238
3724
2316
4006
3522
3980
2956
3862
4104
4358
3720
3858
1471
1683
2571
2751
1343
2211
2759
2699
2299
2815
2715
2631
1737
2849
2101
1751
2691
2003
1655
2321
1905
1341
2607
2919
1343
2439
2975
2271
2811
1453
2075
1487
2165
2563
2145
1921
2223
2913
1905
2019
1703
1555
3325
3275
2673
2713
3311
1947
1527
3163
1981
1737
1503
2857
1837
1873
1341
1479
2075
2015
2285
2489
1679
2259
2969
2085
2169
2149
1961
2525
1905
2375
2257
2689
1439
2183
1903
2629
2165
2037
2261
2411
2163
2967
2119
1933
2655
3055
2257
1329
2251
1941
2285
1747
2521
2693
3327
2481
2391
2458
2934
3972
4032
2330
3708
4122
3614
3712
4096
4068
3600
3030
4124
3550
3002
4068
3176
2510
3662
3342
2304
3912
4060
2294
3564
4290
3576
4014
2470
3326
3050
3614
3958
3474
3238
3486
4110
3174
3270
2990
2410
4158
4128
3868
3890
4082
3486
2532
4076
3262
3090
2790
4114
3124
3208
2286
2466
3362
3428
3680
3854
3254
3540
4210
3366
3594
3628
3110
3636
3078
3728
3544
3910
2444
3584
3202
4030
3476
3486
3198
3782
3468
4096
3082
3220
3922
4052
3592
2274
3462
3390
3836
2734
3748
4056
4142
3612
3696
1690
1938
3162
3126
1562
2898
3356
2744
3044
3376
3288
3366
2178
3320
2680
2150
3246
2426
1874
2576
2148
1560
3156
3282
1562
2802
3470
2526
3114
1780
2474
2240
2744
3148
2424
2356
2550
3879
2322
2274
2066
1774
4147
4179
3018
3232
4315
2658
1842
3554
2326
2100
1866
3526
2092
2236
1560
1698
2438
2558
2810
3080
2348
2850
3428
2430
2694
2794
2210
2840
2214
2770
2512
3088
1754
2546
2266
3232
2600
2616
2750
3164
2418
3330
2374
2188
3162
3530
2620
1548
2778
2520
2864
1966
2848
3344
3704
2844
2646
2536
2712
4014
3930
2408
3588
3728
3590
3836
3706
3924
4024
2982
4010
3526
2954
4020
3224
2612
3638
3366
2298
3960
3686
2300
3480
4178
3570
3942
2542
3278
2930
3590
3898
3204
3160
3414
4104
3126
3048
2948
2512
4154
4008
3864
3832
4300
3366
2610
3952
2992
2982
2748
4012
2866
3118
2298
2544
3320
3422
3656
3656
3164
3558
4226
3276
3540
3592
3152
3686
2976
3348
3286
3874
2522
3344
3142
3736
3278
3462
3536
3854
3462
4134
3148
2962
3936
4286
3502
2286
3468
3366
3776
2812
3520
3836
4222
3372
3690
2320
2490
3714
3816
2192
3384
3920
3314
3656
3430
3730
3852
2772
3884
3250
2654
3840
2996
2414
3128
2700
2100
3750
3984
2102
3468
3968
3078
3816
2326
2978
2792
3314
3724
2976
2980
3138
4038
2808
2826
2654
2314
4158
4134
3588
3616
3940
3228
2394
3998
2890
2688
2454
3826
2644
2824
2100
2328
3026
3146
3380
3656
2834
3354
4088
3000
3264
3370
2924
3428
2760
3508
3064
3574
2306
3332
2824
3628
3044
3186
3314
3716
2970
4020
2926
2740
3828
4082
3208
2088
3372
3090
3434
2596
3436
3728
3752
3432
3198
2044
2256
3396
3516
1916
2976
3548
2738
3272
2872
3388
3480
2310
3422
2674
2324
3480
2576
2228
2894
2478
1914
3360
3684
1916
3012
3764
2844
3384
2026
2648
2288
2738
3220
2718
2494
2796
3873
2478
2592
2276
2128
4183
4163
3246
3286
4081
2736
2100
3937
2554
2310
2076
3682
2410
2446
1914
2052
2648
2588
2858
3254
2444
2832
3722
2658
2742
2950
2534
3098
2478
3176
2830
3262
2012
2756
2476
3202
2738
2610
2834
3212
2736
3732
2692
2506
3609
4039
2830
1902
3052
2514
2858
2320
3094
3446
4263
3054
2964
811
1023
1959
2061
683
1521
2063
1505
2039
1639
2137
2025
2019
2177
1441
1091
1995
1343
995
1661
1245
681
1923
2229
683
1779
2279
1611
2133
793
1415
875
1505
1777
1485
1261
1563
2253
1245
1359
1043
895
2497
2447
2013
2053
2609
1251
867
2491
1321
1077
843
2245
1177
1213
681
819
1415
1355
1625
1799
989
1587
2285
1425
1509
1537
1301
1865
1245
1763
1597
2029
779
1523
1243
1957
1505
1377
1583
1799
1503
2277
1459
1273
1869
2227
1597
669
1639
1281
1625
1087
1861
2009
2511
1821
1731
2461
2673
4023
3801
2333
3585
4061
3155
3689
3289
3865
3963
4071
2751
3091
2741
3981
2993
2645
3311
2895
2331
3831
3969
2333
3429
4241
3261
3861
2443
3065
2927
3155
3859
3135
2911
3213
3816
2895
3009
2693
2545
4000
3990
3663
3703
3964
3345
2517
4241
2971
2727
2493
4297
2827
2863
2331
2469
3065
3005
3275
3755
3035
3285
4145
3075
3159
3547
2951
3515
2895
3737
3247
3679
2429
3173
2893
3655
3155
3027
3311
3851
3153
4005
3109
2923
3867
4271
3247
2319
3565
2931
3275
2737
3511
4037
4429
3471
3381
1375
1587
2895
2715
1247
2427
2903
2069
2603
2203
2965
2643
2913
1653
2777
1655
2643
1907
1559
2225
1809
1245
2511
2883
1247
2343
3005
2175
2745
1357
1979
1769
2069
2731
2049
1825
2127
3069
1809
1923
1607
1459
3325
3305
2577
2617
3349
2205
1431
3141
1885
1641
1407
2875
1741
1777
1245
1383
1979
1919
2189
2447
1895
2187
2903
1989
2073
2143
1865
2429
1809
2429
2161
2593
1343
2087
1807
2557
2069
1941
2075
2693
2067
2919
2023
1837
2601
3065
2161
1233
2227
1845
2189
1651
2425
2753
3429
2385
2295
850
1062
1992
2100
722
1560
2102
1544
2078
1678
2176
2064
1968
1110
2216
1480
2034
1382
1034
1700
1284
720
1962
2268
722
1818
2318
1650
2172
832
1454
824
1544
1804
1524
1300
1602
2262
1284
1398
1082
934
2530
2480
2052
2092
2636
1290
906
2512
1360
1116
882
2278
1216
1252
720
858
1454
1394
1664
1838
1028
1626
2324
1464
1548
1486
1340
1904
1284
1712
1636
2068
818
1562
1282
1996
1544
1416
1622
1748
1542
2316
1498
1312
1896
2260
1636
708
1588
1320
1664
1126
1900
2048
2538
1860
1770
2152
2364
3618
3612
2024
3288
3746
2846
3380
2980
3634
3666
3636
2442
3692
2782
2432
2684
2336
3002
2586
2022
3408
3780
2024
3120
3704
2952
3612
2134
2756
2618
2846
3430
2826
2602
2904
3864
2586
2700
2384
2236
3581
3942
3354
3394
3737
3066
2208
3878
2662
2418
2184
3688
2518
2554
2022
2160
2756
2696
2966
3458
2618
3102
3662
2766
2850
3076
2642
3206
2586
3248
2938
3370
2120
2864
2584
3412
2846
2718
2984
3542
2844
3834
2800
2614
3414
3878
2938
2010
3268
2622
2966
2428
3202
3632
3974
3162
3072
1228
1440
2664
2568
1100
2226
2684
1922
2456
2056
2620
2706
2712
1506
2666
1858
1508
2706
1412
2078
1662
1098
2574
2736
1100
2196
2768
2028
2598
1210
1832
1568
1922
2518
1902
1678
1980
3024
1662
1776
1460
1312
3292
3280
2430
2470
3200
1986
1284
2882
1738
1494
1260
2938
1594
1630
1098
1236
1832
1772
2042
2498
1694
2178
2870
1842
1926
2206
1718
2282
1662
2168
2014
2446
1196
1940
1660
2380
1922
1794
2150
2492
1920
2790
1876
1690
2580
2930
2014
1086
2290
1698
2042
1504
2278
2480
3220
2238
2148
706
918
1806
1986
578
1446
1994
1400
1934
1534
2050
1950
1866
972
2084
1336
986
1926
1238
1556
1140
576
1842
2154
578
1674
2210
1506
2046
688
1310
722
1400
1798
1380
1156
1458
2148
1140
1254
938
790
2560
2510
1908
1948
2378
1182
762
2398
1216
972
738
2092
1072
1108
576
714
1310
1250
1520
1724
914
1494
2204
1320
1404
1384
1196
1760
1140
1610
1492
1924
674
1418
1138
1864
1400
1272
1496
1646
1398
2202
1354
1168
1890
2290
1492
564
1486
1176
1520
982
1756
1928
2562
1716
1626
1705
1917
3285
3063
1577
2817
3305
2399
2933
2533
3349
3225
3303
1983
3119
2335
1985
3213
2237
1889
2139
1575
3159
3231
1577
2673
3473
2505
3063
1687
2309
2159
2399
3181
2379
2155
2457
3855
2139
2253
1937
1789
3761
4008
2907
2947
3889
2595
1761
3503
2215
1971
1737
3559
2071
2107
1575
1713
2309
2249
2519
3017
2297
2529
3443
2319
2403
2809
2195
2759
2139
2999
2491
2923
1673
2417
2137
2899
2399
2271
2657
3083
2397
3267
2353
2167
3165
3515
2491
1563
2815
2175
2519
1981
2755
3053
3791
2715
2625
1081
1293
2499
2409
953
1917
2525
1775
2309
1909
2485
2517
2535
1371
2495
1711
1361
2517
1613
1265
1931
951
2289
2577
953
2049
2609
1881
2481
1063
1685
1229
1775
2425
1755
1531
1833
2463
1515
1629
1313
1165
2977
3121
2283
2323
3013
1665
1137
2755
1591
1347
1113
2749
1447
1483
951
1089
1685
1625
1895
2291
1529
1905
2651
1695
1779
1891
1571
2135
1515
1997
1867
2299
1049
1793
1513
2275
1775
1647
1931
2153
1773
2613
1729
1543
2415
2605
1867
939
2101
1551
1895
1357
2131
2375
2955
2091
2001
235
447
1413
1581
107
1041
1595
929
1463
1063
1561
1545
1467
495
1601
865
515
1527
767
419
1085
669
1437
1749
107
1203
1811
1035
1557
217
839
323
929
1225
909
685
987
1719
669
783
467
319
2155
2099
1437
1477
2423
783
291
1969
745
501
267
1699
601
637
105
243
839
779
1049
1319
509
1011
1799
849
933
985
725
1289
669
1211
1021
1453
203
947
667
1381
929
801
1007
1247
927
1797
883
697
1485
1885
1021
93
1087
705
1049
511
1285
1523
2157
1245
1155
2062
2274
3258
3402
1934
2862
3422
2756
3290
2890
3442
3366
3306
2340
3464
2692
2342
3354
2594
2246
2912
2496
1932
3570
1934
3030
3638
2862
3438
2044
2666
2162
2756
3082
2736
2512
2814
3450
2496
2610
2294
2146
3952
3932
3264
3304
3916
2610
2118
3718
2572
2328
2094
3544
2428
2464
1932
2070
2666
2606
2876
3140
2330
2874
3608
2676
2760
2824
2552
3116
2496
3050
2848
3280
2030
2774
2494
3244
2756
2628
2888
3086
2754
3618
2710
2524
3174
3598
2848
1920
2926
2532
2876
2338
3112
3332
3960
3072
2982
2716
3228
4158
4252
2588
3882
4254
3830
4208
4006
4280
4242
4224
3072
3856
3742
3044
4122
3440
2846
3938
3636
2556
3988
2552
3972
4002
3870
4134
2902
3368
3110
3902
4150
3702
3250
3672
4042
3216
3564
3116
2746
4206
4102
3958
4058
3802
3290
2790
3976
3370
3132
2916
4036
3400
3466
2538
2724
3488
3722
3956
3896
3410
3708
4350
3468
3762
3772
3368
4014
3354
3676
3820
4084
2702
3788
3232
3944
3578
3690
3508
3938
3762
3838
3610
3496
4126
4092
3634
2526
3722
3594
3878
2992
3916
4212
4120
3774
3990
238
450
1554
1518
110
978
1706
932
1466
1066
1582
1482
1590
504
1616
868
518
1638
770
422
1088
672
108
1374
1686
1206
1922
1038
1578
220
842
446
932
1378
912
688
990
1506
672
786
470
322
2152
2054
1440
1480
2126
894
294
1852
748
504
270
1840
604
640
108
246
842
782
1052
1256
446
1026
1736
852
936
1108
728
1292
672
1334
1024
1456
206
950
670
1396
932
804
1028
1370
930
1734
886
700
1470
1882
1024
96
1210
708
1052
514
1288
1460
2142
1248
1158
2038
2220
3444
3474
1910
3114
3640
3134
3332
3232
3664
3450
3600
2328
3452
3070
2186
3408
2732
2108
3182
2880
1884
3312
3586
1796
3704
3096
3498
2050
2510
2456
3134
3406
2730
2500
2694
3732
2358
2556
2492
2008
3902
3806
3408
3262
3673
2892
2112
3800
2602
2526
2292
3664
2644
2422
1794
2046
2864
2948
3200
3212
2354
2862
3578
2820
3084
2932
2678
3264
2484
3184
3064
3094
2024
2894
2386
3232
2672
3006
2876
3380
2988
3678
2656
2740
3306
3764
2806
1782
3016
2910
3050
2314
3052
3506
3898
2922
3216
2752
3204
4272
4206
2624
3726
3932
3866
4082
3982
4240
4170
3922
3270
4268
3802
3242
4308
3464
2810
3914
3612
2592
4182
3764
2588
3738
3846
4320
2758
3566
3290
3866
4144
3444
3448
3522
4038
3414
3540
3242
2710
4202
4056
4218
4058
4142
3708
2826
4202
3250
3276
3042
3862
3376
3436
2496
2760
3614
3698
3932
4016
3266
3864
4360
3342
3654
3880
3392
3900
3192
3448
3796
4162
2738
3602
3430
3994
3536
3738
3450
4034
3738
4378
3370
3472
4222
4126
3820
2484
3744
3642
4064
3028
3778
4194
4244
3630
3966
1630
1842
3120
2970
1502
2430
2990
2324
2858
2458
3010
2934
3138
1908
3032
2260
1910
2922
2162
1814
2480
2064
1500
2814
3138
1502
2598
3206
3006
1612
2234
1994
2324
2944
2304
2080
2382
3180
2064
2178
1862
1714
3502
3482
2832
2872
3538
2178
1686
3374
2140
1896
1662
3316
1996
2032
1500
1638
2234
2174
2444
2708
1898
2442
3176
2244
2328
2584
2120
2684
2064
2846
2416
2848
1598
2342
2062
2812
2324
2196
2456
2918
2322
3186
2278
2092
3036
3454
2416
1488
2668
2100
2444
1906
2680
2900
3594
2640
2550
2386
2598
3678
3750
2258
3222
3704
3080
3614
3214
3790
3714
3714
2676
3800
3016
2666
3732
2918
2570
3236
2820
2256
3594
3918
2258
3354
3896
3186
2368
2990
2534
3080
3628
3060
2836
3138
3702
2820
2934
2618
2470
4180
4164
3588
3628
4300
2970
2442
4030
2896
2652
2418
3952
2752
2788
2256
2394
2990
2930
3200
3488
2708
3210
3956
3000
3084
3196
2876
3440
2820
3422
3172
3604
2354
3098
2818
3580
3080
2952
3236
3458
3078
3954
3034
2848
3594
4036
3172
2244
3316
2856
3200
2662
3436
3680
4134
3396
3306
403
615
1851
1743
275
1203
1907
1097
1631
1231
1783
1707
1887
681
1805
1033
683
1647
935
587
1253
837
273
1587
1911
275
1371
1991
1203
1779
1007
743
1097
1705
1077
853
1155
1629
837
951
635
487
2203
2033
1605
1645
2293
1161
459
2127
913
669
435
1879
769
805
273
411
1007
947
1217
1481
671
1215
1949
1017
1101
1147
893
1457
837
1421
1189
1621
371
1115
835
1585
1097
969
1229
1667
1095
1959
1051
865
1797
2011
1189
261
1219
873
1217
679
1453
1673
2337
1413
1323
1336
1548
2502
2676
1208
2136
2684
2030
2564
2164
2662
2640
2562
1596
2702
1966
1616
2616
1868
1520
2186
1770
1206
2448
2844
1208
2304
2900
2136
2658
1318
1418
2030
2320
2010
1786
2088
2808
1770
1884
1568
1420
3238
3188
2538
2578
3164
1872
1392
3058
1846
1602
1368
2788
1702
1738
1206
1344
1940
1880
2150
2414
1604
2112
2810
1950
2034
2080
1826
2390
1770
2306
2122
2554
1304
2048
1768
2482
2030
1902
2108
2342
2028
2892
1984
1798
2412
2968
2122
1194
2182
1806
2150
1612
2386
2534
3054
2346
2256
328
540
1428
1608
200
1068
1616
1022
1556
1156
1672
1572
1488
594
1706
958
608
1548
860
512
1178
762
198
1464
1776
200
1296
1832
1128
1668
310
932
1022
1420
1002
778
1080
1770
762
876
560
412
2182
2132
1530
1570
2504
804
384
2020
838
594
360
1714
694
730
198
336
932
872
1142
1346
536
1116
1826
942
1026
1006
818
1382
762
1232
1114
1546
296
1040
760
1486
1022
894
1118
1268
1020
1824
976
790
1512
1912
1114
186
1108
798
1142
604
1378
1550
2184
1338
1248
1471
1683
2913
2811
1343
2271
2831
2165
2699
2299
2851
2775
2715
1749
2873
2101
1751
2763
2003
1655
2321
1905
1341
2655
2979
1343
2439
3047
2271
2847
1453
2075
1571
2767
2145
1921
2223
2985
1905
2019
1703
1555
3337
3305
2673
2713
3349
2019
1527
3289
1981
1737
1503
3127
1837
1873
1341
1479
2075
2015
2285
2549
1739
2283
3017
2085
2169
2233
1961
2525
1905
2459
2257
2689
1439
2183
1903
2653
2165
2037
2297
2495
2163
3027
2119
1933
2859
3265
2257
1329
2335
1941
2285
1747
2521
2741
3405
2481
2391
1636
1848
3186
2994
1508
2730
3224
2330
2864
2464
3250
3144
3204
1914
3038
2266
1916
3144
2168
1820
2486
2070
1506
2994
3162
1508
2604
3404
2436
2964
1618
2240
2060
2330
2310
2086
2388
3420
2070
2184
1868
1720
3636
3576
2838
2878
3658
2508
1692
3404
2146
1902
1668
3376
2002
2038
1506
1644
2240
2180
2450
2918
2198
2448
3278
2250
2334
2644
2126
2690
2070
2900
2422
2854
1604
2348
2068
2818
2330
2202
2570
2984
2328
3186
2284
2098
3000
3368
2422
1494
2728
2106
2450
1912
2686
3182
3562
2646
2556
1585
1761
2949
2979
1457
2667
3123
2639
2861
2755
3001
3045
3127
2019
3059
2575
1919
2985
2273
1661
2687
2415
1347
2979
2977
1349
2697
3215
2619
2979
1591
2243
2039
2639
2983
2197
2463
3675
2073
2097
1997
1561
3563
3819
2913
2761
3691
2415
1659
3595
2239
2031
1797
3049
1915
2167
1347
1593
2369
2471
2705
2903
2099
2607
3263
2325
2589
2629
2201
2735
2025
2595
2335
2839
1571
2561
2089
2773
2189
2511
2573
2963
2511
3183
2197
2011
2985
3323
2551
1335
2505
2415
2741
1861
2725
2873
3593
2589
2739
1105
1317
2433
2565
977
2025
2585
1799
2333
1933
2449
2529
2481
1371
2483
1735
1385
2517
1637
1289
1955
1539
975
2241
2733
977
2073
2801
1905
2445
1087
1709
1337
1799
2269
1779
1857
2739
1539
1653
1337
1189
3289
3269
2307
2347
3413
1773
1161
3067
1615
1371
1137
2719
1471
1507
975
1113
1709
1649
1919
2303
1493
1893
2603
1719
1803
1999
1595
2159
1539
2225
1891
2323
1073
1817
1537
2263
1799
1671
1895
2261
1797
2781
1753
1567
2361
2923
1891
963
2101
1575
1919
1381
2155
2327
3033
2115
2025
1702
1878
3042
3096
1574
2796
2950
2756
2972
2872
3160
3102
3160
1854
3188
2692
1826
3060
2390
1778
2804
2532
1464
2814
3040
1466
2652
3004
2736
3024
1708
2150
1898
2756
2902
2370
2074
3444
2010
2214
2114
1678
3352
3434
3030
2914
3740
2556
1776
3418
2242
2148
1914
3016
2032
2284
1464
1710
2486
2588
2822
2864
2006
2736
3224
2442
2706
2446
2318
2852
2142
2614
2452
2746
1688
2534
2026
2926
2324
2628
2378
2822
2628
3330
2314
2128
2904
3386
2668
1452
2712
2532
2690
1978
2692
3056
3386
2574
2856
2041
2517
3879
3435
1913
3357
3737
3197
3383
3295
3733
3501
3657
2739
3779
3133
2219
3429
2759
2093
3245
2925
1887
3699
3799
1877
3141
3929
3159
3711
2053
2543
2687
3197
3649
3057
2521
2907
2391
2853
2573
1993
4213
4077
3289
3371
4271
3135
2115
4043
2653
2367
2373
4099
2707
2455
1869
2049
2945
3011
3263
3257
2945
3309
3995
2685
2961
3367
2693
3189
2661
3273
3127
3373
2027
2945
2419
3493
2723
3069
3293
3611
3051
3817
2665
2803
3705
4073
2839
1857
3451
2973
3083
2317
3103
3593
4169
2973
3279
1081
1293
2481
2613
953
2073
2633
1775
2309
1909
2641
2577
2529
1527
2651
1711
1361
2565
1613
1265
1931
1515
951
2445
2781
953
2049
2849
1881
2637
1063
1685
1385
1775
2317
1755
1531
1833
2799
1629
1313
1165
3331
3299
2283
2323
3355
1821
1137
3109
1591
1347
1113
2767
1447
1483
951
1089
1685
1625
1895
2351
1541
2061
2807
1695
1779
2047
1571
2135
1515
2273
1867
2299
1049
1793
1513
2431
1775
1647
2087
2309
1773
2829
1729
1543
2769
2977
1867
939
2149
1551
1895
1357
2131
2531
3315
2091
2001
1252
1464
2574
2580
1124
2292
2768
1946
2480
2080
2632
2508
2778
1530
2654
1882
1532
2508
1784
1436
2102
1686
1122
2388
2748
1124
2220
2852
2052
2628
1234
1856
1634
1946
2428
1926
1702
2004
2568
1686
1484
1336
3010
3002
2454
2494
3166
2052
1308
2792
1762
1518
1284
2842
1618
1654
1122
1260
1856
1796
2066
2312
1760
2064
2768
1866
1950
2008
1742
2306
1686
2294
2038
2470
1220
1964
1684
2434
1946
1818
2078
2558
1944
2784
1900
1714
2478
2930
2038
1110
2092
1722
2066
1528
2302
2600
3222
2262
2172
778
990
1974
2142
650
1602
2156
1472
2006
1606
2200
2106
2028
1038
2234
1408
1058
2088
1310
962
1628
1212
648
1998
2310
650
1746
2372
1578
2196
760
1382
884
1472
1786
1452
1228
1530
2304
1212
1326
862
2740
2672
1980
2020
3044
1344
834
2542
1288
1044
810
2260
1144
1180
648
786
1382
1322
1592
1880
1070
1644
2360
1392
1476
1546
1268
1832
1212
1772
1564
1996
746
1490
1210
2014
1472
1344
1646
1808
1470
2358
1426
1240
2058
2470
1564
636
1648
1248
1592
1054
1828
2084
2730
1788
1698
556
768
1944
2064
428
1524
2096
1250
1784
1384
2092
2028
1980
822
2114
1186
836
2028
1088
740
1406
990
426
1908
2232
428
1524
2312
1356
2088
538
1160
836
1250
1768
1230
1006
1308
2400
990
1104
788
2608
2576
1758
1798
2620
1284
612
2362
1066
822
588
2230
922
958
426
564
1160
1100
1370
1802
992
1524
2270
1170
1254
1498
1046
1610
990
1724
1342
1774
524
1268
988
1894
1250
1122
1538
1760
1248
2280
1204
1018
2112
2536
1342
414
1600
1026
1370
832
1606
1994
2676
1566
1476
2779
2955
4203
4167
2651
3825
4355
3815
4061
3913
4189
4245
4293
3189
4217
3751
3095
4191
3461
2867
3863
3339
2553
4167
4335
2555
3885
4415
3543
4149
2791
3419
3209
3815
4171
3447
3301
3621
4131
3267
3291
3155
2767
4263
4089
3961
4079
3645
2853
4123
3427
3189
2955
4237
3109
3325
2553
2787
3527
3629
3881
4091
3305
3795
4451
3501
3765
3799
3395
3911
3225
3783
3529
4015
2765
3767
3265
3943
3377
3687
3743
4133
3435
4371
3391
3205
4161
4493
3709
2541
3723
3591
3935
3055
3919
4043
4255
3819
3663
2734
2916
4164
4164
2606
3780
4308
3830
4046
3928
4318
4242
4234
3138
4262
3766
3110
4176
3428
2804
3878
3576
2580
4116
4180
2492
3912
4428
3792
4068
2746
3434
3158
3830
4114
3426
3316
3618
4203
3282
3252
3188
2704
4283
4104
3946
4199
3594
2808
4207
3436
3222
2988
4270
3340
3316
2490
2742
3560
3644
3896
4118
3320
3828
4370
3516
3780
3754
3374
3960
3180
3756
3760
4030
2720
3776
3280
4186
3374
3702
3710
4028
3684
4368
3352
3436
4122
4103
3700
2478
3738
3606
3944
3010
3940
4316
4133
3804
3912
2377
2553
3435
3771
2249
3453
3541
3431
3647
3547
3847
3777
3835
2541
3863
3367
2501
3735
3065
2453
3479
3207
2139
3489
3394
2141
3327
3601
3411
3711
2383
2825
2795
3431
3289
3045
2749
3255
3579
2685
2889
2789
2353
3961
3959
3589
3901
3231
2451
3889
2917
2823
2589
3885
2707
2959
2139
2385
3161
3263
3497
3539
2681
3411
3899
3117
3381
3121
2993
3527
2817
3181
3127
3421
2363
3209
2701
3601
2999
3303
3053
3719
3303
4005
2989
2803
3579
4043
3343
2127
3387
3207
3365
2653
3367
3731
3743
3249
3531
3103
3387
3996
4291
2975
4113
3942
3749
4143
4087
3970
4347
4032
3423
3961
3955
3359
3748
3785
2729
3941
3663
2895
4147
3946
2615
3867
4137
3873
3864
3181
3425
3299
3959
4249
3789
3541
3669
4150
3621
3663
3161
2629
4246
4176
4147
4268
3551
3225
4319
3289
3465
3189
4447
3535
3601
2427
3111
3743
3911
4075
4189
3611
3843
4152
3669
3963
3895
3701
3897
3291
3748
3865
4207
3137
3893
3547
4079
3497
3915
3643
4181
3765
4028
3697
3661
4267
4066
3865
2415
3642
3693
3941
3379
3979
4323
3800
3885
4047
3145
3273
4231
4273
3017
4017
4261
3875
4155
4069
4227
4443
4169
3351
4333
3955
3143
4473
3797
2771
4049
3705
2937
4123
3764
2657
3993
4067
3981
4275
3223
3599
3233
3959
4279
3801
3319
3813
3856
3567
3645
3257
2671
3968
4171
3967
4095
3551
3267
4072
3433
3447
3075
4327
3307
3601
2469
3153
3725
3923
3847
3967
3401
4017
4301
3459
3753
3895
3701
4005
3333
4177
3853
4315
3179
3905
3547
4097
3649
3915
3673
4199
3849
4343
3739
3673
4231
4123
3847
2457
3973
3819
4049
3421
3961
4137
4287
3897
4029
1036
1248
2088
2286
908
1746
2288
1730
2264
1864
2362
2250
2154
1296
2402
1666
1316
2220
1568
1220
1886
1470
906
2148
2454
908
2004
2504
1836
2358
1018
1640
1010
1730
1894
1710
1486
1788
2226
1470
1584
1268
1120
2698
2648
2238
2278
2780
1092
2512
1546
1302
1068
2374
1402
1438
906
1044
1640
1580
1850
2024
1214
1812
2510
1650
1734
1672
1526
2090
1470
1898
1822
2254
1004
1748
1468
2182
1730
1602
1808
1934
1728
2502
1684
1498
1986
2428
1822
894
1774
1506
1850
1312
2086
2234
2706
2046
1956
514
726
1710
1854
386
1314
1874
1208
1742
1342
1894
1818
1758
792
1916
1144
794
1806
1046
698
1364
948
384
1698
2022
386
1482
2090
1314
1890
496
1118
614
1208
1534
1188
964
1266
1938
948
1062
746
598
2236
2216
1716
1756
2266
1062
2002
1024
780
546
1996
880
916
384
522
1118
1058
1328
1592
782
1326
2060
1128
1212
1276
1004
1568
948
1502
1300
1732
482
1226
946
1696
1208
1080
1340
1538
1206
2070
1162
976
1626
1870
1300
372
1378
984
1328
790
1564
1784
2238
1524
1434
2482
2658
4002
3954
2354
3420
3974
3518
3836
3616
3892
3852
3870
2808
3812
3454
2672
3738
3164
2570
3566
3042
2256
3804
4122
2258
3486
4118
3246
3954
2494
2996
2834
3518
3778
3150
2878
3324
3876
2844
2994
2858
2470
3924
3938
3792
3760
3952
3282
2556
3028
2892
2658
3874
2812
3028
2256
2490
3230
3332
3584
3692
2882
3390
4058
3204
3468
3424
3098
3614
2928
3372
3232
3592
2468
3368
2842
3760
3188
3390
3368
3758
3138
4158
3094
2908
3780
4232
3412
2244
3510
3294
3638
2758
3622
3890
3938
3420
3366
1195
1407
2355
2445
1067
1905
2537
1889
2423
2023
2521
2409
2409
1455
2561
1825
1475
2469
1727
1379
2045
1629
1065
2307
2613
1067
2163
2753
1995
2517
1177
1799
1265
1889
2167
1869
1645
1947
2649
1629
1743
1427
1279
2893
3017
2397
2437
3011
1725
1251
2887
1461
1227
2641
1561
1597
1065
1203
1799
1739
2009
2183
1373
1971
2669
1809
1893
1927
1685
2249
1629
2153
1981
2413
1163
1907
1627
2341
1889
1761
1967
2189
1887
2661
1843
1657
2259
2623
1981
1053
2029
1665
2009
1471
2245
2393
2901
2205
2115
847
1095
2559
2283
719
1701
2303
1901
2201
1999
2281
2217
2169
1179
2303
1837
1013
2217
1583
1031
1733
1305
717
2085
2433
719
1959
2477
1683
2277
937
1337
1343
1901
2293
1581
1351
1707
2463
1185
1431
1223
931
2995
2939
2175
2101
3031
1449
999
2723
1483
1023
2749
1249
1393
717
855
1595
1715
1967
2021
1181
1713
2447
1587
1851
2017
1367
1997
1371
1963
1669
1921
911
1703
1423
2083
1571
1773
1727
2267
1575
2487
1531
1345
2385
2623
1777
705
2101
1677
2021
1123
2005
2171
2973
2001
1803
478
690
1674
1818
350
1278
1838
1172
1706
1306
1858
1782
1722
756
1880
1108
758
1770
1010
662
1328
912
348
1662
1986
350
1446
2054
1278
1854
460
1082
578
1172
1498
1152
928
1230
1758
912
1026
710
562
2224
2204
1680
1720
2332
1026
534
2074
988
744
1960
844
880
348
486
1082
1022
1292
1556
746
1290
2024
1092
1176
1240
968
1532
912
1466
1264
1696
446
1190
910
1660
1172
1044
1304
1502
1170
2034
1126
940
1590
2050
1264
336
1342
948
1292
754
1528
1748
2376
1488
1398
2365
2577
3759
3765
2237
3291
3869
3059
3593
3193
3841
3813
3777
2643
3767
2995
2645
3813
2897
2549
3215
2799
2235
3681
3933
2237
3333
3839
3165
3747
2347
2969
2633
3059
3583
3039
2815
3117
3915
2799
2913
2597
2449
4079
4143
3567
3607
3822
3069
2421
3977
2875
2631
2397
2731
2767
2235
2373
2969
2909
3179
3605
2759
3177
4037
2979
3063
3331
2855
3419
2799
3365
3151
3583
2333
3077
2797
3547
3059
2931
3257
3557
3057
3969
3013
2827
3777
4043
3151
2223
3415
2835
3179
2641
3415
3659
4273
3375
3285
979
1191
2367
2487
851
2193
2519
1673
2207
1807
2509
2451
2403
1245
2363
1609
1259
2451
1511
1163
1829
1413
849
2577
2655
851
1947
2735
1779
2505
961
1583
1517
1673
2467
1653
1429
1731
2829
1413
1527
1211
1063
3139
3227
2181
2221
3247
1953
1035
3103
1489
1245
1011
2929
1381
849
987
1583
1523
1793
2225
1415
1773
2939
1593
1677
2179
1469
2033
1413
2147
1765
2197
947
1691
1411
2143
1673
1545
1955
2441
1671
2703
1627
1441
2565
2977
1765
837
2023
1449
1793
1255
2029
2663
3093
1989
1899
1033
1245
2553
2373
905
2085
2561
1727
2261
1861
2623
2301
2571
1311
2435
1663
1313
2301
1565
1217
1883
1467
903
2169
2541
905
2001
2663
1833
2403
1015
1637
1427
1727
2389
1707
1483
1785
2685
1467
1581
1265
1117
2815
2969
2235
2275
2927
1863
1089
2799
1543
1299
1065
2533
1399
903
1041
1637
1577
1847
2105
1553
1845
2561
1647
1731
1801
1523
2087
1467
2087
1819
2251
1001
1745
1465
2215
1727
1599
1733
2351
1725
2577
1681
1495
2259
2723
1819
891
1885
1503
1847
1309
2083
2411
3003
2043
1953
235
447
1437
1611
107
1071
1619
929
1463
1063
1669
1575
1497
585
1697
865
515
1551
767
419
1085
669
105
1461
1779
107
1203
1835
1035
1665
217
839
353
929
1255
909
685
987
1779
669
783
467
319
2209
2159
1437
1477
2531
807
291
2029
745
501
267
1723
601
637
243
839
779
1049
1349
539
1107
1823
849
933
1015
725
1289
669
1241
1021
1453
203
947
667
1477
929
801
1115
1277
927
1827
883
697
1545
1939
1021
93
1117
705
1049
511
1285
1547
2217
1245
1155
442
654
1932
1770
314
1482
1958
1136
1670
1270
1822
1698
1968
720
1844
1072
722
1698
974
626
1292
876
312
1578
1938
314
1410
2042
1242
1818
424
1046
824
1136
1786
1116
892
1194
1944
876
990
674
526
2122
2102
1644
1684
2278
1242
498
2178
952
708
474
1930
808
844
312
1046
986
1256
1502
950
1254
1958
1056
1140
1198
932
1496
876
1484
1228
1660
410
1154
874
1624
1136
1008
1268
1748
1134
1974
1090
904
1668
2120
1228
300
1282
912
1256
718
1492
1790
2502
1452
1362
1342
1566
2772
2688
1214
2400
2876
2318
2618
2182
2740
2616
2868
1638
2762
2254
1670
2616
1886
1526
2204
1782
1212
2496
2856
1214
2358
2960
2154
2736
1414
1994
1742
2318
2704
2034
1810
2124
2778
1824
1902
1622
1426
3082
3062
2592
2614
3238
2160
1398
3096
1900
1656
1422
2848
1720
1792
1212
1350
1898
2168
2420
1868
2172
2876
2004
2052
2116
1844
2414
1776
2402
2140
2578
1310
2102
1822
2542
2084
2190
2186
2666
2046
2892
2002
1816
2586
3038
2176
1200
2200
2094
2438
1618
2422
2708
3294
2400
2274
1402
1584
2778
2796
1274
2496
2952
2498
2690
2596
2830
2874
2890
1848
2888
2434
1730
2814
2096
1472
2546
2244
1248
2808
2806
1160
2526
3044
2460
2808
1414
2054
1868
2498
2812
2094
2026
2238
3300
1902
1920
1856
1372
3392
3456
2772
2590
3538
2244
1476
3208
2050
1890
1656
2878
2008
1924
1158
1410
2228
2564
2732
1928
2436
3092
2184
2448
2458
2042
2628
1848
2400
2428
2668
1388
2390
1918
2602
2018
2370
2402
2792
2352
3012
2020
2104
2814
3152
2308
1146
2334
2274
2552
1678
2554
2702
3440
2418
2580
1777
1953
3171
3123
1649
2823
3353
2813
3035
2911
3283
3243
3369
2199
3203
2749
2171
3255
2459
1865
2861
2337
1551
3147
3291
1553
2895
3413
2541
3333
1789
2495
2153
2813
3151
2445
2377
2619
3537
2343
2289
2153
1765
3647
4143
3087
3223
4093
2571
1851
3491
2419
2187
1953
3547
2107
2323
1551
1785
2525
2627
3071
2381
2763
3449
2499
2763
2815
2393
2909
2223
2877
2527
3091
1763
2759
2341
3151
2651
2685
2741
3077
2433
3339
2389
2203
3189
3623
2707
1539
2691
2589
2933
2053
2917
3269
3749
2811
2661
1867
2079
3273
3255
1739
2691
3371
2561
3095
2695
3259
3285
3291
2145
3281
2497
2147
3303
2399
2051
2717
2301
1737
3075
3423
1739
2835
3365
2667
3255
1849
2471
2003
2561
3061
2541
2317
2619
3339
2301
2415
2099
1951
3841
3633
3069
3109
3781
2451
1923
3649
2377
2133
1899
3397
2233
2269
1737
1875
2471
2411
2681
2285
2691
3437
2481
2565
2665
2357
2921
2301
2891
2653
3085
1835
2579
2299
3061
2561
2433
2705
2927
2559
3459
2515
2329
3171
3517
2653
1725
2875
2337
2681
2143
2917
3161
3837
2877
2787
652
864
1752
1932
524
1392
1940
1346
1880
1480
1996
1896
1812
918
2030
1282
932
1872
1184
836
1502
1086
522
1788
2100
524
1620
2156
1452
1992
634
1256
668
1346
1744
1326
1102
1404
2094
1086
1200
884
736
2506
2456
1854
1894
2486
1128
708
2344
1162
918
684
2038
1018
1054
522
660
1256
1196
1466
1670
1440
2150
1266
1350
1330
1142
1706
1086
1556
1438
1870
620
1364
1084
1810
1346
1218
1442
1592
1344
2148
1300
1114
1836
2236
1438
510
1432
1122
1466
928
1702
1874
2508
1662
1572
1720
1896
2988
3114
1592
2760
3184
2774
2990
2890
3100
3120
3178
1998
3122
2710
1844
3078
2408
1796
2822
2550
1482
2856
3220
1484
2670
3320
2754
3096
1726
2168
2102
2774
3064
2388
2170
2598
3432
2028
2232
2132
1696
3520
3512
3048
2932
3664
2520
1794
3456
2260
2166
1932
3208
2050
2302
1482
1728
2504
2606
2840
2882
2024
3236
2460
2724
2476
2336
2870
2160
2782
2470
2764
1706
2552
2044
2902
2342
2646
2546
3026
2646
3348
2332
2146
2946
3398
2686
1470
2560
2550
2708
1996
2710
3068
3606
2592
2874
2611
2835
4035
3981
2483
3627
4085
3587
3887
3451
4033
4119
4113
3027
4067
3523
2939
4137
3155
2795
3473
3051
2481
3987
4167
2483
3627
4199
3423
3999
2683
3263
2969
3587
3919
3303
3079
3393
4014
3093
3171
2891
2695
4180
4102
3861
3883
4016
3405
2667
4313
3169
2925
2691
4369
2989
3061
2481
2619
3263
3167
3437
3911
3095
3597
3273
3321
3619
3113
3683
3045
3569
3409
3835
2579
3371
3091
3781
3353
3459
3563
3893
3315
4203
3271
3085
3993
4343
3445
2469
3721
3363
3707
2887
3691
3881
4142
3669
3543
1351
1563
2703
2823
1223
2103
2855
2045
2579
2179
2701
2787
2739
1617
2735
1981
1631
2787
1883
1535
2201
1785
1221
2499
2991
1223
2319
3071
2151
2697
1333
1955
1565
2045
2749
2025
1801
2103
3093
1785
1899
1583
1435
3277
3521
2553
2593
3647
1845
1407
3355
1861
1617
1383
3211
1717
1753
1221
1359
1955
1895
2165
2561
1751
2145
2861
2049
2227
1841
2405
1785
2483
2137
2569
1319
2063
1783
2515
2045
1917
2147
2489
2043
3039
1999
1813
2595
3007
2137
1209
2359
1821
2165
1627
2401
2585
3267
2361
2271
1477
1689
2793
2877
1349
2355
2801
2171
2705
2305
2857
2841
2829
1755
2879
2107
1757
2859
2009
1661
2327
1911
1347
2709
3045
1349
2445
3023
2277
2853
1459
2081
1685
2171
2647
2151
1927
2229
3087
1911
2025
1709
1561
3191
3291
2679
2719
3646
2103
1533
3053
1987
1743
1509
3109
1843
1879
1347
1485
2081
2021
2291
2633
1823
2289
2993
2091
2359
1967
2531
1911
2519
2263
2695
1445
2189
1909
2659
2171
2043
2303
2609
2169
3081
2125
1939
2733
3155
2263
1335
2443
1947
2291
1753
2527
2813
3283
2487
2397
1321
1533
2709
2829
1193
2289
2861
2015
2549
2149
2857
2793
2745
1587
2879
1951
1601
2793
1853
1505
2171
1755
1191
2673
2997
1193
2289
3077
2121
2853
1303
1925
1601
2015
2533
1995
1771
2073
3111
1755
1869
1553
1405
3337
3305
2523
2563
3349
2049
1377
3091
1831
1587
1353
2995
1687
1723
1191
1329
1925
1865
2135
2567
1757
2289
3035
1935
2019
1811
2375
1755
2489
2107
2539
1289
2033
1753
2659
2015
1887
2303
2525
2013
3045
1969
1783
2769
3247
2107
1179
2365
1791
2135
1597
2371
2759
3405
2331
2241
1291
1467
2691
2655
1163
2325
2843
2327
2561
2425
2689
2733
2775
1677
2735
2263
1577
2661
1973
1379
2375
1851
1065
2655
2823
1067
2373
2873
2055
2655
1303
1901
1655
2327
2659
1959
1873
2133
3105
1749
1803
1667
1279
3355
3249
2601
2449
3233
2073
1365
2981
1897
1701
1467
3037
1621
1837
1065
1299
2039
2141
2393
2579
1775
2265
2951
2013
2277
2305
2423
1737
2253
2041
2485
1277
2237
1747
2449
1877
2199
2249
2579
1947
2871
1903
1717
2661
3011
2221
1053
2193
2103
2447
1567
2431
2549
3233
2289
2175
2227
2763
3867
3811
2099
3507
3516
3497
3611
3721
3907
3837
3510
2841
3987
3481
2687
3849
2957
2357
3491
3159
2073
3705
3841
2063
3375
3813
3405
3869
2689
3107
2801
3383
3769
3357
3019
3315
3807
2985
3099
2885
2257
3813
3811
3697
3701
3953
2933
2481
3881
3061
2901
2685
3955
2953
3109
2055
2235
3257
3467
3509
3653
3119
3351
3957
3177
3405
3385
2903
2871
3350
3373
3709
2393
3383
2983
3623
3287
3441
3123
3677
3297
3613
3145
3049
3733
3771
3403
2043
3685
3219
3629
2503
3541
3849
3715
3399
3525
1225
1401
2547
2619
1097
2301
2635
2279
2495
2395
2695
2625
2683
1389
2711
2215
1349
2583
1913
1301
2327
2055
987
2337
2503
989
2175
2713
2259
2559
1231
1673
1643
2279
2401
1893
1597
2103
2661
1533
1737
1637
1201
2935
2933
2553
2437
2971
2079
1299
2947
1765
1671
1437
2733
1555
1807
987
1233
2009
2111
2345
2387
1529
2259
2747
1965
2229
1969
1841
2375
2239
1975
2269
1211
2057
1549
2449
1847
2151
1901
2567
2151
2853
1837
1651
2427
2891
2191
975
2235
2055
2213
1501
2215
2579
2873
2097
2379
1660
1872
3024
3156
1532
2592
3176
2354
2888
2488
3010
3120
3072
1926
3044
2290
1940
3108
2192
1844
2510
2094
1530
2808
3324
1532
2628
3392
2460
3006
1642
2264
2156
2354
3100
2334
2110
2412
3588
2094
2208
1892
1744
3910
3860
2862
2902
4034
2604
1716
3760
2170
1926
1692
3550
2026
2062
1530
1668
2264
2204
2474
2894
2084
2454
3170
2274
2358
2818
2150
2714
2094
2446
2878
1628
2372
2092
2824
2354
2226
2456
3080
2352
3372
2308
2122
2928
3544
2446
1518
2692
2130
2474
1936
2710
2894
3600
2670
2580
1609
1821
3045
2949
1481
2445
3053
2303
2837
2437
3013
3057
3063
1899
3023
2239
1889
3057
2141
1793
2459
2043
1479
2817
3117
1481
2577
3137
2409
3009
1591
2213
2021
2303
2983
2283
2059
2361
2898
2043
2157
1841
1693
3517
3226
2811
2851
3553
2319
1665
3375
2119
1875
1641
3109
1975
2011
1479
1617
2213
2153
2423
2849
2057
2433
3179
2223
2307
2377
2099
2663
2043
2537
2827
1577
2321
2041
2803
2303
2175
2459
2945
2301
3153
2257
2071
2943
3145
2395
1467
2659
2079
2423
1885
2659
2903
3495
2619
2529
2257
2469
3645
3765
2129
3225
3797
2951
3485
3085
3793
3729
3681
2523
3815
2887
2537
3729
2789
2441
3107
2691
2127
3609
3933
2129
3225
4013
3057
3789
2239
2861
2537
2951
3469
2931
2707
3009
3873
2691
2805
2489
2341
4393
4343
3459
3499
4303
2985
2313
4141
2767
2523
2289
3931
2623
2659
2127
2265
2861
2801
3071
3503
2693
3225
3971
2871
2955
3199
2747
3311
2691
3425
3043
2225
2969
2689
3595
2951
2823
3239
3461
2949
3981
2905
2719
3705
4021
3043
2115
3301
2727
3071
2533
3307
3695
4359
3267
3177
382
594
1788
1722
254
1182
1742
1076
1610
1210
1762
1686
1626
660
1784
1012
662
1674
914
566
1232
816
252
1566
1890
254
1350
1958
1182
1758
364
986
482
1076
1642
1056
832
1134
1866
816
930
614
466
2140
2120
1584
1624
2260
930
438
2098
892
648
414
1834
748
784
252
390
986
926
1196
1460
650
1194
1928
996
1080
1144
872
1436
816
1370
1168
1600
1094
814
1564
1076
948
1208
1406
1074
1938
1030
844
1734
1978
1168
240
1246
852
1196
658
1432
1652
2304
1392
1302
1672
2124
3192
3126
1544
2946
3656
2786
3002
2902
3274
3090
3466
1950
3302
2722
2162
3228
2384
1730
2834
2532
1512
3384
3488
1508
2658
3692
2766
3324
1678
2486
2462
2786
3406
2364
2170
2442
3930
2334
2460
2162
1630
3976
3792
3138
2978
4186
2898
1746
4036
2170
2196
1962
3490
2296
2356
1416
1680
2534
2618
2852
2936
2186
2880
3580
2262
2574
3052
2312
2820
2112
3190
2716
3082
1658
2350
3022
2456
2658
2412
3266
2658
3298
2290
2392
3414
4030
2740
1404
2892
2562
2984
1948
2698
3396
4088
2550
2886
1078
1290
2406
2538
950
1998
2558
1772
2306
1906
2422
2502
2454
1344
2456
1708
1358
2490
1610
1262
1928
1512
948
2214
2706
950
2046
2774
1878
2418
1060
1682
1310
1772
2242
1752
1528
1830
2478
1512
1626
1310
1162
3028
3008
2280
2320
3134
1746
1134
2806
1588
1344
1110
2692
1444
1480
948
1086
1682
1622
1892
2276
1466
1866
2576
1692
1776
1972
1568
2132
1512
2198
1864
2296
1046
1790
2236
1772
1644
1868
2234
1770
2754
1726
1540
2334
2662
1864
936
2074
1548
1892
1354
2128
2300
3006
2088
1998
2287
2469
3741
3813
2159
3393
3927
3383
3695
3481
3721
3681
3847
2781
3893
3319
2735
3903
2981
2357
3431
3129
2133
3759
3799
2045
3333
3977
3345
3825
2299
3059
2819
3383
3751
2979
2971
3243
4035
2907
2805
2741
2257
4167
3924
3657
3703
4048
3237
2361
4007
2875
2775
2541
3835
2893
2941
2043
2295
3113
3197
3449
3539
2963
3363
4097
3069
3333
3397
2927
3513
2733
3513
3313
3673
2273
3197
2935
3131
3255
3323
3743
3237
4029
2905
2989
3837
4091
3325
2031
3381
3159
3569
2563
3373
3719
3842
3225
3465
1471
1683
2637
2811
1343
2271
2819
2165
2699
2299
2797
2775
2697
1731
2837
2101
1751
2751
2003
1655
2321
1905
1341
2583
2979
1343
2439
3035
2271
2793
1453
2075
1553
2165
2455
2145
1921
2223
2943
1905
2019
1703
1555
3373
3323
2673
2713
3299
2007
1527
3193
1981
1737
1503
2923
1837
1873
1341
1479
2075
2015
2285
2549
1739
2247
2945
2085
2169
2215
1961
2525
1905
2441
2257
2689
1439
2183
1903
2617
2037
2243
2477
2163
3027
2119
1933
2547
3103
2257
1329
2317
1941
2285
1747
2521
2669
3189
2481
2391
1279
1491
2655
2619
1151
2079
2639
1973
2507
2107
2659
2583
2673
1557
2681
1909
1559
2571
1811
1463
2129
1713
1149
2463
2787
1151
2247
2855
2079
2655
1261
1883
1529
1973
2479
1953
1729
2031
2685
1713
1827
1511
1363
3151
3101
2481
2521
3157
1827
1335
2897
1789
1545
1311
2893
1645
1681
1149
1287
1883
1823
2093
2357
1547
2091
2825
1893
1977
2161
1769
2333
1713
2171
2065
2497
1247
1991
1711
2461
1973
2105
2453
1971
2835
1927
1741
2571
2779
2065
1137
2245
1749
2093
1555
2329
2549
3117
2289
2199
1561
1773
2703
2811
1433
2271
2813
2255
2789
2389
2887
2775
2679
1821
2927
2191
1841
2745
2093
1745
2411
1995
1431
2673
2979
1433
2529
3029
2361
2883
1543
2165
1535
2255
2515
2235
2011
2313
2973
1995
2109
1793
1645
3241
3191
2763
2803
3347
2001
1617
3223
2071
1827
1593
2989
1927
1963
1431
1569
2165
2105
2375
2549
1739
2337
3035
2175
2259
2197
2051
2615
1995
2423
2347
2779
1529
2273
1993
2707
2255
2127
2459
2253
3027
2209
2023
2607
2971
2347
1419
2299
2031
2375
1837
2611
2759
3249
2571
2481
2428
2610
3492
3657
2300
3288
3815
2954
3360
3304
3670
3600
3725
2508
3558
3232
2396
3630
3050
2108
3146
2988
1818
3390
3550
1814
3168
3821
3252
3528
2488
2828
2546
3134
3472
3066
2698
2832
3867
2796
2946
2618
2008
3977
3877
3268
3464
4031
2738
2532
4013
2506
2562
2346
3640
2782
2842
1800
2436
2918
3158
3178
3280
2780
3132
3700
2622
3138
3124
2978
3210
2652
3467
3202
3472
2444
3134
2788
3404
2776
3180
2784
3144
3620
2992
2878
3472
4041
3064
1788
3084
2982
3308
2704
3280
3450
4067
3108
3372
1480
1716
2940
2856
1352
2598
3074
2486
2786
2602
3022
2796
3066
1794
3038
2422
1856
2796
2030
1664
2354
1932
1350
2664
3024
1352
2544
3158
2304
2886
1558
2180
1940
2486
2902
2184
1966
2310
3006
2010
2052
1808
1564
3310
3272
2760
2776
3334
2358
1626
3294
2068
1842
1608
3028
1870
1978
1350
1488
2180
2318
2318
2600
2048
2538
3056
2172
2202
2296
1988
2600
1914
2570
2290
2776
1538
2288
2008
2758
2270
2358
2228
2864
3090
2152
1966
2754
3218
2362
1338
2368
2262
2606
1756
2608
2906
3384
2586
2424
2698
2868
4086
4188
2570
3624
4082
3692
4034
3808
4114
4140
4104
3048
4028
3628
2894
3972
3374
2792
3506
3078
2478
4008
4356
2480
3726
4250
3456
4188
2704
3218
3068
3692
3988
3354
3238
3516
4155
3048
3204
3032
2692
4203
4187
3966
4012
4231
3486
2772
4340
3142
3066
2832
4096
3022
3202
2478
2706
3404
3524
3758
3932
3086
3594
4292
3378
3642
3646
3302
3806
3138
3862
3442
3814
2684
3590
3064
3994
3440
3564
3602
3992
3348
3304
3118
4032
4466
3586
2466
3504
3468
3812
2974
3814
4112
4199
3810
3576
1402
1614
2760
2814
1274
2304
2738
2096
2630
2230
2992
2778
2778
1680
2804
2032
1682
2778
1934
1586
2252
1836
1272
2538
2982
1274
2370
2942
2202
2772
1384
2006
1634
2096
2596
2076
1852
2154
2736
1836
1950
1634
1486
3128
3228
2604
2644
3214
2082
1458
2972
1912
1668
1434
3010
1768
1804
1272
1410
2006
1946
2216
2552
1772
2214
2930
2016
2100
2278
1892
2456
1836
2468
2188
2620
1370
2114
1834
2584
2096
1968
2102
2558
2094
3018
1864
2628
3104
2188
1260
2362
1872
2216
1678
2452
2780
3294
2412
2322
1123
1335
2559
2463
995
2091
2567
1817
2351
1951
2641
2589
2577
1401
2525
1753
1403
2589
1655
1307
1973
1557
993
2439
2631
995
2091
2651
1923
2481
1105
1727
1433
1817
2383
1797
1573
1875
2733
1557
1671
1355
1207
3103
3073
2325
2365
2993
1869
1179
2765
1633
1389
1155
2821
1489
1525
993
1131
1727
1667
1937
2363
1559
1935
2753
1737
1821
2089
1613
2177
1557
2051
1909
2341
1091
1835
1555
2305
1817
1689
2033
2357
1815
2685
1771
2445
2825
1909
981
2173
1593
1937
1399
2173
2363
3013
2133
2043
2008
2580
3492
3666
1880
3288
3854
2954
3416
3304
3670
3600
3728
2508
3620
3232
2420
3612
3068
2138
3290
2958
1848
3390
3532
1844
3180
3824
3222
3510
2476
2840
2624
3146
3484
3066
2698
3048
4098
2808
2916
2546
2038
3986
3868
3250
3464
4094
2964
2532
4048
2518
2562
2346
3610
2752
2842
1830
2016
2918
3170
3134
3320
2780
3132
3700
2634
3138
3064
2684
3222
2658
3506
3172
3472
2444
3116
2662
3316
2726
3192
2784
3374
3114
3640
2962
2848
4052
3064
1818
3066
2982
3308
2284
3292
3462
4058
3132
3342
2464
3000
3996
4006
2336
3636
4030
3620
3944
3844
4024
3948
4158
3066
4098
3562
2786
4188
3194
2594
3728
3396
2310
4050
4066
2300
3708
4206
3642
4164
2926
3206
3104
3704
4096
3438
3256
3396
3996
3222
3336
3104
2494
4127
4020
3808
3782
4175
3284
2718
4292
3202
3138
2904
4102
3190
3208
2292
2472
3476
3674
3746
3962
3164
3690
4264
3318
3486
3682
3140
3768
3108
3922
3610
3808
2630
3464
3220
3836
3428
3522
3378
3950
3534
4132
3382
3286
4006
3610
2280
3642
3540
3866
2740
3640
4020
4104
3480
3762
1609
1821
3057
2949
1481
2589
3053
2303
2837
2437
3139
3057
3075
1887
3011
2239
1889
3057
2141
1793
2459
2043
1479
2925
3117
1481
2577
3137
2409
2949
1591
2213
1931
2303
2881
2283
2059
2361
3093
2043
2157
1841
1693
3463
3427
2811
2851
3437
2367
1665
3263
2119
1875
1641
3289
1975
2011
1479
1617
2213
2153
2423
2849
2057
2421
3251
2223
2307
2557
2099
2663
2043
2537
2395
2827
1577
2321
2041
2791
2303
2175
2501
2855
2301
3153
2257
2071
2931
3311
1467
2641
2079
2423
1885
2659
2849
3337
2619
2529
217
429
1395
1563
89
1023
1577
911
1445
1045
1543
1527
1449
477
1583
847
497
1509
749
401
1067
651
87
1419
1731
89
1185
1793
1017
1539
199
821
305
911
1207
891
667
969
1701
651
765
449
301
2137
2081
1419
1459
2405
765
273
1951
727
483
249
1681
583
619
87
225
821
761
1031
1301
491
993
1781
831
915
967
707
1271
651
1193
1003
1435
185
929
649
1363
911
783
989
1229
909
1779
865
679
1467
1867
1003
1069
687
1031
493
1267
1505
2139
1227
1137
1474
1686
2862
2982
1346
2682
3014
2168
2702
2302
2830
2946
2898
1746
2858
2104
1754
2946
2006
1658
2324
1908
1344
2802
3150
1346
2442
3230
2274
2826
1456
2078
1994
2168
2956
2148
1924
2226
3288
1908
2022
1706
1558
3772
3686
2676
2716
3760
2430
1530
3580
1984
1740
1506
3388
1840
1876
1344
1482
2078
2018
2288
2720
1910
2268
3164
2088
2172
2656
1964
2528
1908
2642
2260
2692
1442
2186
1906
2638
2168
2040
2276
2918
2166
3198
2122
1936
3168
3436
2260
1332
1944
2288
1750
2524
2888
3732
2484
2394
1135
1347
2487
2607
1007
2067
2639
1829
2363
1963
2479
2571
2523
1401
2513
1765
1415
2571
1667
1319
1985
1569
1005
2451
2775
1007
2103
2855
1935
2475
1117
1739
1379
1829
2311
1809
1585
1887
2829
1569
1683
1367
1219
3349
3359
2337
2377
3373
1827
1191
3157
1645
1401
1167
2773
1501
1537
1005
1143
1739
1679
1949
2345
1535
1923
2813
1749
1833
2041
1625
2189
1569
2267
1921
2353
1103
1847
1567
2293
1829
1701
1925
2303
1827
2823
1783
1597
2781
2995
1921
993
2143
1949
1411
2185
2537
3345
2145
2055
1669
1917
3261
3213
1541
2871
3401
2723
3023
2821
3253
3171
3339
2061
3377
2659
2141
3291
2405
1853
2555
2127
1539
3039
3381
1541
2781
3461
2505
3213
1759
2465
2201
2723
3013
2403
2251
2529
3477
2313
2253
2045
1753
4037
3941
2997
3133
4013
2649
1821
3491
2305
2079
1845
3307
2071
2215
1539
1677
2417
2537
2789
2945
2339
2841
3275
2409
2673
2659
2189
2819
2193
2887
2491
3049
1733
2525
2245
3133
2465
2595
2603
3125
2397
3417
2353
2167
3027
3509
2599
1527
2853
2499
1945
2827
3233
3973
2823
2625
970
1146
2442
2358
842
2130
2462
2006
2264
2104
2494
2352
2580
1188
2522
1942
1370
2448
1652
1058
2054
1530
744
2148
2526
746
1908
2617
1734
2358
982
1694
1232
2006
2275
1638
1408
1812
2637
1542
1482
1346
958
2809
2667
2280
2260
2833
1890
1044
2693
1420
1380
1146
2365
1300
1516
744
978
1718
1820
2072
2084
1580
2070
2558
1692
1956
1780
1586
2102
1416
2001
1720
2290
956
1760
1540
2260
1706
1878
1712
2156
1626
2562
1582
1396
2238
2720
1900
732
2046
1782
2126
2110
2390
2747
1812
1854
2005
2217
3333
3417
1877
2841
3341
2699
3233
2833
3409
3381
3351
2295
3419
2635
2285
3381
2537
2189
2855
2439
1875
3213
3585
1877
2973
3563
2805
3405
1987
2609
2345
2699
3295
2679
2455
2757
3387
2439
2553
2237
2089
3811
3831
3207
3247
3949
2607
2061
3647
2515
2271
2037
3631
2371
2407
1875
2013
2609
2549
2819
3155
2345
2829
3575
2619
2703
2881
2495
3059
2439
3059
2791
3223
1973
2717
2437
3199
2699
2571
2855
3269
2697
3621
2653
2467
3231
3685
2791
1863
2983
2475
2819
2281
3299
3765
3015
2925
2209
2457
3777
3711
2081
3399
3917
3263
3563
3361
3745
3651
3867
2541
3863
3199
2639
3777
2945
2393
3095
2667
2079
3519
3879
2081
3321
3929
3045
3723
2299
2963
2729
3263
3691
2943
2713
3069
3957
2811
2793
2585
2293
4139
4089
3537
3601
3880
3147
2361
4025
2845
2619
2385
3901
2611
2755
2079
2217
2957
3077
3329
3443
2849
3339
3803
2949
3213
3169
2729
3359
2733
3373
3031
3577
2273
3065
2785
3583
2963
3135
3113
3653
2937
3915
2893
2707
3543
3989
3139
2067
3241
3039
3383
2485
3367
4123
3363
3165
2866
3318
4470
4332
2738
3990
4542
3980
4232
4096
4582
4458
4624
3450
4556
3916
3422
4482
3578
2924
4028
3726
2706
4374
4462
2702
4140
4137
3960
4490
2872
3746
3578
3980
4057
3558
3640
3924
4407
3576
3654
3356
2824
4309
4285
4380
4334
4433
3650
2940
4319
3664
3390
3156
4582
3490
3610
2610
2874
3728
3812
4046
4160
3656
4086
4197
3744
4026
4036
3506
4080
3306
3725
3910
4342
2852
4004
3592
4252
3908
3852
3892
4328
3852
4498
3484
3586
4087
4147
3994
2598
4094
3756
4238
3142
4150
4458
4032
4080
2179
2751
3417
3277
2051
3069
3429
3221
3599
3499
3487
3705
3519
2445
3629
3289
2231
3543
3239
2309
3461
3129
2019
3315
3445
2015
3345
3555
3393
3435
2647
2651
2405
3389
3367
3087
2653
3111
3957
2763
3087
2537
2209
3987
4161
3523
3575
4015
2841
2703
3683
2527
2553
2337
3451
2923
2839
2001
2187
2909
3227
3347
3491
2609
3339
3601
2919
3165
2983
2855
3405
2829
2913
3343
3343
2615
3107
2593
3565
2927
3249
2601
3173
3285
3571
3133
3019
3357
3699
3025
1989
3009
3225
3269
2455
3307
3429
3887
3513
1810
2022
3276
3162
1682
2940
3266
2504
3038
2638
3304
3300
3294
2100
3248
2440
2090
3318
2342
1994
2660
2244
1680
2958
3330
1682
2778
3380
2610
3168
1792
2414
2264
2504
3415
2484
2260
2562
3561
2244
2358
2042
1894
3877
3859
3012
3052
3985
2700
1866
3877
2320
2076
1842
3354
2176
2212
1680
1818
2414
2354
2624
3092
2276
2760
3368
2424
2508
2590
2300
2864
2244
2762
2596
3028
1778
2522
2242
2974
2504
2376
2522
3188
2502
3384
2458
2272
3048
3530
2596
1668
2902
2280
2624
2086
2860
3200
3869
2820
